8.748734855536099975e-01
8.243767923818030585e-01
7.600492451626541524e-01
6.778716325141715959e-01
5.976458305061383980e-01
5.611622689389773599e-01
5.557363464021056743e-01
5.618300217802174590e-01
5.616736075813134610e-01
5.400289242355952313e-01
4.978183050329225701e-01
4.580261318889031763e-01
4.374035366424019466e-01
4.254030625289130230e-01
4.202777553458696413e-01
4.264185472329690696e-01
4.464437970434193548e-01
4.800638146256563377e-01
5.106206433638574849e-01
5.204276755040959657e-01
5.044007616798691362e-01
4.727551834750251536e-01
4.399722296037154590e-01
4.117079671477403280e-01
3.909119866204611160e-01
3.753090285455080166e-01
3.608058686177709196e-01
3.443311947082522972e-01
3.283184651471031668e-01
3.156674269923923082e-01
3.073613277268368305e-01
3.030149177644120284e-01
3.020589379193518997e-01
3.036071341966670722e-01
3.063996515185529734e-01
3.095886307310725671e-01
3.130523665599432293e-01
3.172047272618707670e-01
3.223988570042852220e-01
3.286581648202663297e-01
3.347578848117908623e-01
3.392171852191281367e-01
3.422933146191398102e-01
3.460783445525834612e-01
3.528574012185378694e-01
3.633219663669287058e-01
3.756542487109444384e-01
3.863812136467528191e-01
3.924235008137920144e-01
3.935153046444031522e-01
3.917508966562896489e-01
3.898998631328769449e-01
3.891156411899356349e-01
3.884042693244236788e-01
3.857992069721367101e-01
3.805132514346385997e-01
3.737089740137111704e-01
3.677425198919550553e-01
3.644258918359294386e-01
3.639691906406493094e-01
3.650201986732127257e-01
3.656171011284870542e-01
3.650310369176413272e-01
3.640110619889469490e-01
3.636813129275143219e-01
3.643792879681349017e-01
3.652548609817715120e-01
3.650468347623908594e-01
3.631448367815788836e-01
3.601955134711515849e-01
3.576840189309161699e-01
3.567210301967911334e-01
3.572039677848320993e-01
3.580101456040641339e-01
3.578533936243792346e-01
3.563659699824446858e-01
3.541376400688329706e-01
3.520151942038512449e-01
3.502563241051444565e-01
3.483419551336921494e-01
3.456840988710750406e-01
3.423110254405829500e-01
3.388726180362958695e-01
3.360587254393239687e-01
3.341121389609852943e-01
3.325976470574139587e-01
3.309602280836911881e-01
3.291253864541686114e-01
3.274154156519955561e-01
3.261561365608452445e-01
3.252389776959737633e-01
3.241840363805876257e-01
3.226470408993768468e-01
3.207648721230426658e-01
3.190487848252757663e-01
3.178335770569266083e-01
3.169324096903555210e-01
3.158895303035233471e-01
3.144438777704564592e-01
3.128274872289409925e-01
3.114763882396268668e-01
3.105187921660402250e-01
3.096726260872104119e-01
3.085322854165301609e-01
3.069783300640241963e-01
3.052557735754541368e-01
3.037083422643533925e-01
3.024490914397360841e-01
3.012961956580760270e-01
3.000288966869513185e-01
2.986227447092912879e-01
2.972399042742140951e-01
2.960215229933466641e-01
2.949269314951025733e-01
2.938084065639990361e-01
2.926156447202715172e-01
2.914512045420248332e-01
2.904144112297343816e-01
2.894652649637318720e-01
2.884690250716468451e-01
2.873558030193892887e-01
2.862048611277797638e-01
2.851514449014293517e-01
2.842207543063541841e-01
2.832995495768487748e-01
2.822929972271084886e-01
2.812625262755996669e-01
2.803269749364321051e-01
2.795191489013462705e-01
2.787164470604159283e-01
2.777853089428743982e-01
2.767391902767676881e-01
2.757156712794254783e-01
2.748066526319353775e-01
2.739750607664572235e-01
2.731159684901969809e-01
2.721849015057462018e-01
2.712583785090605937e-01
2.704199111673734612e-01
2.696618477739142206e-01
2.688884573024818980e-01
2.680188392742571812e-01
2.670872048152505562e-01
2.661958562620237445e-01
2.653688559093021482e-01
2.645647380986667629e-01
2.637537527190919606e-01
2.629442889098348446e-01
2.621722411879750525e-01
2.614319536287009749e-01
2.606977614077514716e-01
2.599465642703317481e-01
2.591791192736411786e-01
2.583907695534325977e-01
2.575975840464131417e-01
2.568041388078569076e-01
2.560398741165152980e-01
2.553341153859648438e-01
2.546927509465073403e-01
2.540555575515016651e-01
2.533821057036987345e-01
2.527122090074981897e-01
2.520654895742797663e-01
2.514243278382851110e-01
2.507179364720305004e-01
2.499610959886365835e-01
2.492418883656580264e-01
2.485905936389731785e-01
2.479407021117336352e-01
2.472412447808505775e-01
2.464860387204690917e-01
2.457676143273939962e-01
2.451017465458772693e-01
2.444352048808731970e-01
2.437266215233982458e-01
2.429744028851791582e-01
2.422174740143864247e-01
2.414763424265790603e-01
2.407078239094637140e-01
2.399000057481271986e-01
2.391099088465418743e-01
2.383930097628426670e-01
2.377048681220511328e-01
2.370094584656776693e-01
2.363544065796035210e-01
2.357250980892116599e-01
2.350937522849353145e-01
2.344302302026836926e-01
2.337680604209803892e-01
2.331829083484505127e-01
2.326010591043680409e-01
2.319596107649707917e-01
2.312748903401669887e-01
2.306358152507282655e-01
2.300591973727008632e-01
2.294933686116619742e-01
2.288954714196113072e-01
2.283081525057471806e-01
2.277524071045748666e-01
2.272190497760727679e-01
2.266782931929041400e-01
2.261177157455103448e-01
2.255789558727979427e-01
2.250764193545262970e-01
2.245577842450808825e-01
2.240071590804691148e-01
2.234448493936714297e-01
2.229357206531779600e-01
2.224491378230832039e-01
2.219851069748945693e-01
2.215534974541465973e-01
2.211093686768207944e-01
2.206490404832941454e-01
2.201826053031998853e-01
2.197089724834081215e-01
2.192072882777600096e-01
2.186594731236827793e-01
2.181149975766016880e-01
2.176062238426392237e-01
2.171430749372670332e-01
2.166771294204866416e-01
2.161903412573658034e-01
2.157185428217656964e-01
2.152709129788664133e-01
2.148016943193105099e-01
2.143142829496209323e-01
2.138405336857934214e-01
2.134064761629030638e-01
2.129943469483729090e-01
2.125749288370396839e-01
2.121720726414015601e-01
2.118183267895215327e-01
2.114674890079016323e-01
2.110532987721109588e-01
2.106088001659025266e-01
2.101898295379969472e-01
2.097963293956037478e-01
2.093594884118736288e-01
2.088995814742721224e-01
2.084879525418087687e-01
2.081253240787345471e-01
2.077369600723142085e-01
2.073320150044898336e-01
2.069642552071179753e-01
2.066142954405453258e-01
2.062702152776799969e-01
2.059396830055446881e-01
2.056095500922570096e-01
2.052659364991831492e-01
2.049343258459384309e-01
2.046289665092697885e-01
2.043415784646388234e-01
2.040614252222953118e-01
2.038012993922243832e-01
2.035700219754043583e-01
2.033252357103941810e-01
2.030672209343133694e-01
2.028025658779165630e-01
2.025287645048334251e-01
2.022511347482768007e-01
2.019539131681915844e-01
2.016480266904742413e-01
2.013833355310510054e-01
2.011236633466149115e-01
2.008312978231751866e-01
2.005309987082765644e-01
2.002611702591125531e-01
1.999775962039369304e-01
1.996639745338320560e-01
1.993484361363903334e-01
1.990708803979326091e-01
1.988114642662406617e-01
1.985216653135788156e-01
1.982410432400210643e-01
1.979919808876590692e-01
1.977283887465278445e-01
1.974184558785917198e-01
1.971291672819202589e-01
1.968595618734643449e-01
1.965723471022254587e-01
1.962961927355371394e-01
1.960491499258549541e-01
1.958138336258033740e-01
1.955679169902471426e-01
1.953325267296613099e-01
1.950746131766094016e-01
1.947878844234385287e-01
1.945200505747038400e-01
1.942724333877448584e-01
1.940033750988781891e-01
1.937323286318696491e-01
1.934769098788794994e-01
1.932145109732137100e-01
1.929234451124992866e-01
1.926540426187807742e-01
1.924100244526186776e-01
1.921460299003877881e-01
1.918669191826047060e-01
1.916085256708962570e-01
1.913650513090178473e-01
1.911158538509056537e-01
1.908531988701255289e-01
1.906069668380857285e-01
1.903700499282367231e-01
1.901139687205193052e-01
1.898686274379250416e-01
1.896285634990008129e-01
1.893914746434559038e-01
1.891689564441760008e-01
1.889519836003759057e-01
1.887172243573719821e-01
1.884895515535549015e-01
1.882742078955669252e-01
1.880516547903869351e-01
1.878083563685540025e-01
1.875754227112687023e-01
1.873534232924715381e-01
1.871117174292226126e-01
1.868506320435210921e-01
1.866037478654266890e-01
1.863705162217407230e-01
1.861357514762013998e-01
1.859045162572436349e-01
1.857134419529426483e-01
1.855129802144538376e-01
1.852919367220574876e-01
1.850842923170241683e-01
1.848811113515546334e-01
1.846809493287163428e-01
1.844808946690779383e-01
1.842661091599021306e-01
1.840572789386918096e-01
1.838752557459515657e-01
1.836766942787363688e-01
1.834505305964704291e-01
1.832536951356994737e-01
1.830401750711708186e-01
1.828029138369154649e-01
1.826073198896207561e-01
1.824165184270828965e-01
1.822127275028234961e-01
1.820263889610930497e-01
1.818165525726896103e-01
1.816031054471276274e-01
1.814303308442803131e-01
1.812216138932728204e-01
1.810261336399460741e-01
1.808318561931412383e-01
1.806440931444411313e-01
1.804793046941523538e-01
1.803053872811949954e-01
1.800966646808555838e-01
1.798852095193642642e-01
1.797013171104933360e-01
1.795075092836904140e-01
1.793161785821398568e-01
1.791189190410336918e-01
1.789342660923589901e-01
1.787424418977289486e-01
1.785602967219735437e-01
1.783677805588084475e-01
1.781835634519883804e-01
1.779844299652856565e-01
1.777809985475398147e-01
1.775968791313152495e-01
1.774303199690501764e-01
1.772663171029553730e-01
1.770821657583710462e-01
1.769026899408065179e-01
1.767248893457589454e-01
1.765450315132256198e-01
1.764021946614701131e-01
1.762262725267569052e-01
1.760465149777039051e-01
1.758776567240407096e-01
1.756957184851830889e-01
1.755223811373123610e-01
1.753533195044419402e-01
1.751913170441849188e-01
1.750253549702280309e-01
1.748587908096867205e-01
1.746870918524722482e-01
1.745178129189366989e-01
1.743390358994584277e-01
1.741727616097053233e-01
1.740133269012379691e-01
1.738514497815383253e-01
1.736845984065081561e-01
1.735334253805452254e-01
1.733928961791554868e-01
1.732318123498668705e-01
1.730603193144023833e-01
1.728806107407767356e-01
1.726981298130234044e-01
1.725267667052956533e-01
1.723616158546966981e-01
1.721961139815120501e-01
1.720294377422218191e-01
1.718551242975112359e-01
1.716990894252320987e-01
1.715263721127000540e-01
1.713817857920158227e-01
1.712113910316360732e-01
1.710189141008993108e-01
1.708736044420827715e-01
1.707226074286423978e-01
1.705548571961134907e-01
1.704294105465327946e-01
1.702535892386406458e-01
1.700838053519947990e-01
1.699342924305447255e-01
1.697782804165402781e-01
1.696418908801035630e-01
1.694849762759948475e-01
1.693328491544753012e-01
1.691886438218744015e-01
1.690559559305878645e-01
1.689312807898431801e-01
1.687993564175515604e-01
1.686781884295200651e-01
1.685350022759795896e-01
1.683791001688468292e-01
1.682539031716441813e-01
1.680703813429490490e-01
1.678941594334356913e-01
1.677657219569196889e-01
1.675899639795171148e-01
1.674353042803105318e-01
1.672954369942262209e-01
1.671318983928964108e-01
1.670134719345981733e-01
1.668728104212415519e-01
1.667564245174024684e-01
1.666410984217389368e-01
1.664909671581644435e-01
1.663907912928853650e-01
1.662412446858777815e-01
1.661261767455071703e-01
1.660126420444038575e-01
1.658457928413176186e-01
1.657467243043244109e-01
1.656191997163562191e-01
1.654894875251056441e-01
1.653700977115129256e-01
1.652600509641604098e-01
1.651285285789212964e-01
1.649987623951774396e-01
1.648684135406529860e-01
1.647570840706450435e-01
1.646242927756183250e-01
1.644894823219345270e-01
1.643820897545665016e-01
1.642567800146905455e-01
1.641642421409448549e-01
1.640490052369653340e-01
1.639307752204565982e-01
1.638257184396329502e-01
1.637027510025163557e-01
1.635898286076410135e-01
1.634827939500068383e-01
1.633344812430088944e-01
1.632411752082091327e-01
1.630795551483359695e-01
1.629870591183835704e-01
1.628792156190791707e-01
1.627361389465377950e-01
1.626776870945920439e-01
1.625203166051973624e-01
1.624182285261654701e-01
1.623258181719046400e-01
1.621843506409027247e-01
1.621118344749389595e-01
1.619914065257456459e-01
1.618675683002656629e-01
1.617955319794263380e-01
1.616585462893002367e-01
1.615661311554846269e-01
1.614717332579608255e-01
1.613526582293814682e-01
1.612452744677236038e-01
1.611317924968577731e-01
1.610326679215260959e-01
1.609152658075461984e-01
1.608174725174422171e-01
1.607156547543569514e-01
1.606022079255300383e-01
1.604905284022170864e-01
1.603793584610692657e-01
1.602770790237484921e-01
1.601590801749671611e-01
1.600307319325556532e-01
1.599154487367329680e-01
1.597936997359011291e-01
1.596530973543468512e-01
1.595591076676309839e-01
1.594308376764062285e-01
1.593337154891465712e-01
1.592432311703167735e-01
1.591245344497548009e-01
1.591377164212574025e-01
1.589588956315984847e-01
1.588495974001764288e-01
1.587849262164630348e-01
1.586044108608759551e-01
1.585155908318221230e-01
1.584394678145809865e-01
1.583231050645380611e-01
1.582550185440619317e-01
1.581790107219480102e-01
1.580613009291117199e-01
1.580330203497028185e-01
1.578631043354739028e-01
1.576890323367172719e-01
1.576057731926122640e-01
1.574015817678482698e-01
1.572695804962448984e-01
1.572296739555048006e-01
1.571671185031218443e-01
1.570444189564569326e-01
1.569727053721824417e-01
1.568048440602056726e-01
1.566490939015617312e-01
1.564754536741032043e-01
1.563195216302428470e-01
1.561533222388443720e-01
1.561610728607119303e-01
1.559639461403167227e-01
1.558313870186947836e-01
1.557356241835247679e-01
1.554682023009205105e-01
1.553736535547438624e-01
1.552266554383422703e-01
1.551562982809038538e-01
1.550469113095044316e-01
1.549392605016999547e-01
1.548355403825685539e-01
1.546989492116430109e-01
1.545683682962632755e-01
1.544675045365842547e-01
1.543376759905698836e-01
1.543583444618823741e-01
1.542081433713402561e-01
1.540947973397643889e-01
1.540428861813163408e-01
1.538442377198872002e-01
1.537483589807569218e-01
1.537755179169020270e-01
1.535350974611938701e-01
1.535304967034090973e-01
1.534356761720297724e-01
1.532190003311806048e-01
1.531832324632592113e-01
1.531276155076525258e-01
1.528885710206706328e-01
1.528952849604882924e-01
1.526976565412093423e-01
1.526653453938001948e-01
1.525254340143881726e-01
1.523875051940806191e-01
1.522730075249138781e-01
1.521612512802527073e-01
1.519386916069995208e-01
1.520609553498418198e-01
1.516883737209547001e-01
1.517309664895900301e-01
1.514908318007865129e-01
1.513582393188097341e-01
1.511441080573600881e-01
1.513045742993040510e-01
1.507705438988372615e-01
1.511931099809116774e-01
1.504991101191540392e-01
1.509521213791008842e-01
1.501534331603386063e-01
1.509070853184939776e-01
1.496736383854564145e-01
1.508228622849137335e-01
1.492273436391233776e-01
1.507279773171857629e-01
1.489537966891653908e-01
1.502203323585465100e-01
1.490748442664399098e-01
1.494689981022180592e-01
1.493382363115989819e-01
1.489476527985174881e-01
1.494479400252200774e-01
1.484175908823751611e-01
1.492426008685490968e-01
1.480373465154871671e-01
1.488327167091912373e-01
1.480635557173371197e-01
1.481364112364316754e-01
1.483172465979515908e-01
1.475214092557458334e-01
1.484643279523079895e-01
1.472897744778040585e-01
1.480654141152003556e-01
1.473042400943110897e-01
1.474997179835418892e-01
1.473630213444672710e-01
1.471697499024736400e-01
1.471734890540933594e-01
1.469894633319026589e-01
1.469772312119000113e-01
1.466832749872156172e-01
1.469110350944440591e-01
1.464827412101847859e-01
1.468161472618686458e-01
1.461834788207327929e-01
1.465633539876047553e-01
1.459647779991460337e-01
1.463410018713311722e-01
1.459572854763468708e-01
1.459648785373545421e-01
1.460154046712955345e-01
1.456100332355050042e-01
1.458509474340548284e-01
1.454731665882313119e-01
1.457141797735457822e-01
1.453166592152504155e-01
1.454475112958830696e-01
1.450212474072549163e-01
1.452471799420770593e-01
1.448668993937189953e-01
1.452363344452032301e-01
1.446118539558020333e-01
1.452521586840727907e-01
1.442321292696880364e-01
1.452714486615814815e-01
1.438195445869822620e-01
1.451727682731275837e-01
1.434882643984493056e-01
1.452209531817675314e-01
1.431523587814014231e-01
1.451195581061936468e-01
1.428269113305853377e-01
1.447973792347221345e-01
1.427274570072426252e-01
1.444898611888721929e-01
1.429668582947087319e-01
1.437511959609515111e-01
1.434122636612347179e-01
1.427588934571363821e-01
1.437296849449556935e-01
1.421871604018607460e-01
1.438602392218100157e-01
1.419420585909640098e-01
1.434068649364286241e-01
1.419698856667231113e-01
1.425836044606203501e-01
1.422336149597784039e-01
1.422002928518885378e-01
1.425016535266948048e-01
1.419415652384677096e-01
1.424801570012627916e-01
1.415583118110541605e-01
1.422358119511826502e-01
1.414038822461197720e-01
1.421928451835549612e-01
1.413092405251047956e-01
1.420495185332494581e-01
1.411991724471607368e-01
1.417649897229140421e-01
1.411786973098707043e-01
1.417690086652266535e-01
1.411881562045982641e-01
1.415145157988435543e-01
1.411375073043650841e-01
1.410383643411570187e-01
1.412014275647211770e-01
1.407923227058801574e-01
1.411819865196235479e-01
1.406025872560131562e-01
1.409858943547204757e-01
1.403391720992536729e-01
1.410018893669028606e-01
1.401263599347544464e-01
1.409386966266230057e-01
1.398487484727744257e-01
1.410145134927125177e-01
1.394133543128826258e-01
1.410290767889246788e-01
1.389202759170080070e-01
1.412952720651883820e-01
1.382586823237239027e-01
1.415096812818922023e-01
1.374554574339169055e-01
1.419501006242703534e-01
1.371451162285404757e-01
1.412068850410352905e-01
1.380448615298019155e-01
1.394616046061545322e-01
1.394635548449675022e-01
1.380149488096789057e-01
1.404357827744721621e-01
1.374575833681384585e-01
1.401947319548818016e-01
1.375596043391935641e-01
1.389845840012493006e-01
1.381376687103107181e-01
1.378382530350326651e-01
1.388565999094074910e-01
1.371734272660443676e-01
1.391421277334977669e-01
1.371318411445908436e-01
1.388108385041359194e-01
1.376614425728853730e-01
1.381774628134604388e-01
1.382646579327484748e-01
1.373830554740699539e-01
1.384960639383123748e-01
1.367926505624751654e-01
1.384300744853327048e-01
1.368840669499305218e-01
1.381666908818742212e-01
1.373844739155507533e-01
1.376709073667926608e-01
1.377698223163868474e-01
1.370343188399591183e-01
1.377931117904553637e-01
1.365871980844765021e-01
1.375271017005700314e-01
1.364752911808164160e-01
1.371938702996727544e-01
1.365881910935395627e-01
1.369070037592851619e-01
1.366975744122680969e-01
1.366100086496877530e-01
1.367400856552917487e-01
1.363894473213032588e-01
1.367425260951862231e-01
1.361970815963282622e-01
1.366619044938317817e-01
1.359739605778557403e-01
1.365004092479638331e-01
1.357734677919449351e-01
1.363563857708900706e-01
1.357144796646699569e-01
1.362531649427765335e-01
1.357123790529919660e-01
1.361080929878808188e-01
1.357212294730534841e-01
1.359083562645727883e-01
1.356937664435124147e-01
1.356915361780672569e-01
1.356666460017543208e-01
1.355251351424614503e-01
1.356236738472050007e-01
1.353879746825117913e-01
1.356179622215082370e-01
1.352891721228758892e-01
1.356148726364594936e-01
1.351678977118813407e-01
1.355873660406558268e-01
1.349885422220571674e-01
1.355778579639033976e-01
1.347433617298109676e-01
1.356404056326161178e-01
1.344198127441193491e-01
1.357882560997930588e-01
1.339653214089696898e-01
1.360950600470423599e-01
1.333282848850018965e-01
1.366029733927248968e-01
1.324156464541441924e-01
1.373005892801338057e-01
1.312601893626501315e-01
1.378537656352896990e-01
1.302221376073812997e-01
1.380160756456295379e-01
1.301098197815487856e-01
1.374841092127658537e-01
1.309914418220222698e-01
1.364221348035886405e-01
1.323161604272412306e-01
1.350489509762511642e-01
1.332481279382296546e-01
1.336607121928933828e-01
1.340222789057169683e-01
1.326372642875692232e-01
1.347275341624976364e-01
1.318555353588085621e-01
1.351837070415121966e-01
1.314840734093105645e-01
1.354701129513759261e-01
1.315559625106259567e-01
1.354525201675805257e-01
1.319663777841295627e-01
1.349310816795928902e-01
1.322838572118410216e-01
1.341809637299933855e-01
1.328547877002444200e-01
1.337279049909137763e-01
1.335210208601116388e-01
1.333394559887121633e-01
1.338893840145718717e-01
1.329211709188410917e-01
1.340028501857949417e-01
1.325310289780169404e-01
1.341424629871671992e-01
1.321871195329346327e-01
1.343089520851942498e-01
1.317952611187539480e-01
1.346307910672470687e-01
1.312975309913661515e-01
1.350520613835693995e-01
1.305449355893689711e-01
1.357153921494521909e-01
1.296292171330300225e-01
1.367225140693061614e-01
1.283271859632716949e-01
1.382942437301992178e-01
1.265899725134058962e-01
1.403350738685052168e-01
1.247687682349926108e-01
1.425012068884769778e-01
1.238456740193297073e-01
1.426627366928083784e-01
1.244932857699649759e-01
1.388382548916866355e-01
1.279122455752400578e-01
1.329529376341727354e-01
1.333041067499964039e-01
1.281207870389199921e-01
1.370753967440827836e-01
1.262511812930088850e-01
1.370892172765424410e-01
1.277616849754145412e-01
1.340020519413869793e-01
1.315841044290106121e-01
1.303934366500419662e-01
1.351534928580030159e-01
1.285719575609332588e-01
1.361540891068389325e-01
1.289171227784747520e-01
1.342817773288507432e-01
1.308080579026426882e-01
1.315154730363132518e-01
1.332062237593477361e-01
1.296100747058977209e-01
1.344749425144755872e-01
1.290717395149781066e-01
1.339626740826985463e-01
1.299574108535759831e-01
1.324487709499361510e-01
1.316739973009749820e-01
1.309123791971834039e-01
1.330339390279961787e-01
1.298059232920985850e-01
1.333361764894402945e-01
1.296605365343637128e-01
1.327536395084023546e-01
1.303609940183571569e-01
1.316555302059027599e-01
1.312800386185474233e-01
1.304985655367475184e-01
1.319189699480883549e-01
1.297703650274354692e-01
1.321298065435293212e-01
1.296457684381716879e-01
1.318171074247208308e-01
1.298624057993136571e-01
1.311800124249032085e-01
1.302142080543921554e-01
1.305264828850751513e-01
1.305625255764110981e-01
1.300202149363998416e-01
1.308208367039272457e-01
1.297078589502327628e-01
1.308991568593068366e-01
1.295135092250374320e-01
1.308317934605891242e-01
1.294114507897162203e-01
1.307204581114061737e-01
1.294281949215352057e-01
1.305932023855960467e-01
1.294839183545965500e-01
1.304152909946587890e-01
1.295229486081791170e-01
1.302317184044443910e-01
1.295776202492134321e-01
1.300583625559453282e-01
1.296244429749731641e-01
1.298887302848589775e-01
1.296459549239204201e-01
1.297446958081103496e-01
1.296419228909928834e-01
1.296260180773406157e-01
1.296107194253581785e-01
1.295223614215993968e-01
1.295550561389382238e-01
1.294329804201513889e-01
1.294918692784110814e-01
1.293326197789577137e-01
1.294400981070296386e-01
1.292264301590347608e-01
1.294236436630251952e-01
1.291011685054108127e-01
1.294371565560206161e-01
1.289180416867438117e-01
1.294981981826871797e-01
1.286468007727910312e-01
1.296721879649355424e-01
1.282473170018717246e-01
1.300342375697599862e-01
1.276104402153524497e-01
1.307316402988930870e-01
1.265333886729861634e-01
1.319969141201498553e-01
1.246363581866025971e-01
1.343754737947756850e-01
1.214941296265340948e-01
1.387695506530817191e-01
1.165808824739220789e-01
1.448823960429023727e-01
1.112910354130808160e-01
1.498666585883456082e-01
1.105391772705199838e-01
1.434381063056076044e-01
1.210548290243333019e-01
1.235861893419693824e-01
1.395670197142940272e-01
1.144538480580044176e-01
1.362047819261485715e-01
1.240961990242077789e-01
1.206072860809344061e-01
1.372472412292469746e-01
1.194872339400713940e-01
1.319655296831708235e-01
1.320036016191161177e-01
1.219496695053747665e-01
1.354269894495856164e-01
1.248501868904006995e-01
1.267831930130544071e-01
1.323794494359936680e-01
1.234806639008574902e-01
1.318837339706389611e-01
1.296662726925127129e-01
1.283396957689022788e-01
1.344814143973068477e-01
1.297615788149411309e-01
1.331897288917068822e-01
1.331175912746874468e-01
1.309725652564404375e-01
1.348705295056681630e-01
1.318568813514071625e-01
1.336198034316625483e-01
1.339793093292108994e-01
1.317811575356647169e-01
1.345076961338833588e-01
1.320067089327145449e-01
1.329903351413778689e-01
1.339235269043151377e-01
1.317953089451129600e-01
1.344166549941553102e-01
1.325576560465822895e-01
1.328091032371229163e-01
1.341861833538399718e-01
1.317230891730167552e-01
1.337545090846303242e-01
1.326419753017350489e-01
1.317836064751326253e-01
1.336940292094392080e-01
1.316457606981899786e-01
1.329652664439591736e-01
1.332130505884343286e-01
1.318988015790873991e-01
1.336153421469273572e-01
1.322666030371709989e-01
1.324890329273181455e-01
1.332544724725799323e-01
1.320195000044749878e-01
1.331494807212643405e-01
1.326363878844974697e-01
1.323921881963539826e-01
1.330006943614117643e-01
1.321228637729208732e-01
1.324591346078633214e-01
1.322377746491144590e-01
1.319669835412476122e-01
1.322284676095575318e-01
1.320002959697031131e-01
1.321806105923814256e-01
1.321278797199693378e-01
1.322232818921778019e-01
1.321133437307279446e-01
1.320536368269746297e-01
1.320844349340077328e-01
1.317552648352113831e-01
1.319525651299855162e-01
1.316357631136188255e-01
1.315500909004193031e-01
1.316297489050045899e-01
1.311858320139745737e-01
1.314383614961576463e-01
1.310793817565173436e-01
1.310292597117226621e-01
1.311192540323002087e-01
1.307500168746581759e-01
1.309821449408393457e-01
1.307064957177567766e-01
1.306310450465372752e-01
1.306505949703111735e-01
1.302812543036277748e-01
1.303694306575030326e-01
1.301336736225848778e-01
1.300496531596163352e-01
1.300350562597672732e-01
1.298075237320977515e-01
1.298362791850348752e-01
1.296690585982282207e-01
1.296148593752725064e-01
1.295184675604936220e-01
1.294424191917236122e-01
1.293821645484103666e-01
1.293288507826467759e-01
1.292502085567490133e-01
1.291913660365189565e-01
1.291321991964586580e-01
1.290683103739229953e-01
1.290359914753468618e-01
1.289921501694266393e-01
1.289230817709400290e-01
1.289084584549411161e-01
1.287663921672254075e-01
1.287436681760537882e-01
1.286373243151427981e-01
1.285767463716837589e-01
1.285487061796631303e-01
1.284276961536906514e-01
1.284540236981878969e-01
1.283531208558045533e-01
1.283593475636533032e-01
1.283064729915250057e-01
1.282325303147494877e-01
1.282170521650781159e-01
1.280874844859401784e-01
1.280719983946722318e-01
1.279862293426450581e-01
1.279609086166632048e-01
1.279056369153769857e-01
1.278588756716751706e-01
1.278193327303622229e-01
1.277853617493480143e-01
1.277148117124249083e-01
1.276868817498039155e-01
1.276243118031426815e-01
1.276016244639628094e-01
1.275713031120562502e-01
1.275093693769808467e-01
1.274813565728800668e-01
1.274168538176768117e-01
1.273942942683981283e-01
1.273626444398879287e-01
1.273204049637008117e-01
1.272836323135674852e-01
1.272054966997467618e-01
1.271931612574010717e-01
1.271318941776826694e-01
1.271436610297722591e-01
1.270525215479032244e-01
1.270743975747197219e-01
1.269780560589363061e-01
1.269859993145945332e-01
1.268934569239530130e-01
1.268830868323050642e-01
1.268442174705977643e-01
1.267950707424393697e-01
1.267568249517981860e-01
1.266962595084763221e-01
1.267031697236501164e-01
1.266388426858806315e-01
1.266502956981618855e-01
1.265496050748661228e-01
1.265678974942219814e-01
1.264580749806074045e-01
1.264998249243475259e-01
1.264077470620289800e-01
1.264574555522822163e-01
1.263707841705795643e-01
1.263867257883115325e-01
1.262807373177752546e-01
1.262691487542229873e-01
1.261959950709246325e-01
1.262057239757841121e-01
1.261673485446137277e-01
1.261602579175510885e-01
1.261107130756823624e-01
1.261040707530918514e-01
1.260466960167305750e-01
1.260528796304980215e-01
1.259708342681506998e-01
1.259908474488489472e-01
1.259007274940190935e-01
1.259431792273334738e-01
1.258307407381217824e-01
1.258938146147310089e-01
1.257535643380559010e-01
1.258630322729158146e-01
1.256855788169129740e-01
1.258474421761783257e-01
1.255946938401940327e-01
1.258407898227540955e-01
1.254782020203166482e-01
1.258566542443586289e-01
1.253395106661394087e-01
1.259096082310589559e-01
1.251462844957025311e-01
1.260216406434911951e-01
1.248515171883868985e-01
1.262352721499275521e-01
1.244220221593470704e-01
1.266111395880291091e-01
1.237642575640941073e-01
1.272740267584571150e-01
1.227303883927565592e-01
1.284209567393262141e-01
1.209854470657334286e-01
1.304297235573761704e-01
1.181885025151062224e-01
1.335947060409165832e-01
1.136294841121128357e-01
1.374793743521456335e-01
1.078079483809003536e-01
1.410703326821725057e-01
1.048105493143515338e-01
1.394507926459813696e-01
1.070532762347186639e-01
1.294661727969199927e-01
1.168519678345284057e-01
1.169080216761747698e-01
1.280235426931005949e-01
1.094428414024683910e-01
1.305845371788331155e-01
1.110396430987673905e-01
1.235522670244959403e-01
1.195556026184492332e-01
1.155213679493586332e-01
1.276618357485581057e-01
1.137497702429187546e-01
1.282890381825209647e-01
1.186947527187644236e-01
1.235493064421028242e-01
1.259174684513042208e-01
1.196493129465506788e-01
1.300483754918706769e-01
1.201521236662325409e-01
1.288496383705836079e-01
1.239786353263559182e-01
1.245038158386525678e-01
1.280199435178301370e-01
1.216159719585848120e-01
1.292636841511932144e-01
1.223262087223940808e-01
1.270424055424281828e-01
1.253686388762682846e-01
1.236584882124444618e-01
1.277562500016141411e-01
1.220515619819191599e-01
1.275742388780572445e-01
1.231752567041131535e-01
1.252247013281778953e-01
1.256161348850016179e-01
1.231312956518264695e-01
1.271803022556745877e-01
1.227818737926050369e-01
1.265174171734543274e-01
1.240216035461537969e-01
1.247348461122678720e-01
1.255570439168634533e-01
1.233572854014964582e-01
1.261427039257954907e-01
1.231444878533579229e-01
1.255526389597008963e-01
1.238868180821225129e-01
1.244654981701955043e-01
1.248978141097846078e-01
1.235930918840297266e-01
1.254130921198441384e-01
1.233936875182902182e-01
1.253197693926002276e-01
1.238518669860200760e-01
1.247668099016534388e-01
1.245736431081757162e-01
1.241293891630762813e-01
1.251391986670476741e-01
1.237555655730468579e-01
1.252658881956464354e-01
1.238173281723852076e-01
1.249535688488366825e-01
1.241942093761735644e-01
1.244532351007034410e-01
1.246399143754896577e-01
1.240415832160382398e-01
1.248750656190836944e-01
1.238261704105200339e-01
1.248310178598736331e-01
1.238438846714190467e-01
1.245959429870015511e-01
1.240451338529030417e-01
1.243119785385229242e-01
1.242799401069517862e-01
1.240384511170985748e-01
1.243995042735456386e-01
1.238160298337882548e-01
1.244024670682516986e-01
1.236892111646136772e-01
1.243393237218114733e-01
1.237009354415305601e-01
1.242446101161779476e-01
1.237700648600561643e-01
1.240833134518872782e-01
1.238344696926061000e-01
1.239346113989885506e-01
1.239375264422800105e-01
1.238524401503978828e-01
1.240297289643735174e-01
1.237770775357754788e-01
1.240364693893922371e-01
1.236989843865104188e-01
1.240263686540328258e-01
1.236725803270632001e-01
1.240233278745681844e-01
1.236617415851359869e-01
1.240086841834457804e-01
1.236533920156335092e-01
1.239699133339941806e-01
1.236140254644395725e-01
1.239372681048022812e-01
1.235835151788172021e-01
1.239217755735679827e-01
1.235437276123727973e-01
1.239138291621728061e-01
1.234931984569903607e-01
1.239014582793793173e-01
1.234097172582051538e-01
1.238994171440685188e-01
1.233071414653251902e-01
1.239401313466192006e-01
1.231842195981660282e-01
1.240033084761089921e-01
1.230024652861861356e-01
1.240939991062875863e-01
1.227790722538551343e-01
1.242776900894256714e-01
1.225263789111133567e-01
1.245699938430894493e-01
1.221668413309256046e-01
1.249529202452486082e-01
1.216157586453814748e-01
1.254966219735978994e-01
1.207828139146868707e-01
1.263269338524049545e-01
1.196028306470398456e-01
1.276134658193539273e-01
1.178212094618872607e-01
1.295151808929860260e-01
1.151068326028970995e-01
1.324088178097883040e-01
1.115178705293297101e-01
1.363924337705899326e-01
1.072141686899142771e-01
1.404410897659647828e-01
1.036094765361525727e-01
1.414031673991972826e-01
1.029810835238264138e-01
1.359823425415522813e-01
1.087682855357021833e-01
1.242895716336491485e-01
1.201540725191994757e-01
1.129528936093687763e-01
1.292096100019839433e-01
1.084144593483633567e-01
1.295966465088497221e-01
1.118475151488138863e-01
1.221297825574058776e-01
1.195376874254474586e-01
1.134924579013097956e-01
1.254550003644624434e-01
1.107813225902854887e-01
1.259797748787973848e-01
1.151458958233604474e-01
1.218213189064402818e-01
1.229276223173716848e-01
1.175288645623194100e-01
1.279205443843114409e-01
1.166053530640151492e-01
1.270049246685791000e-01
1.199754289683136604e-01
1.229739990707984926e-01
1.254342685936053747e-01
1.201590886879951997e-01
1.283308721626969795e-01
1.201207980475945958e-01
1.262191792961767089e-01
1.223327013084920395e-01
1.222826958239334044e-01
1.249573421553747538e-01
1.201767145637065576e-01
1.259581385554064681e-01
1.208464447545930104e-01
1.246974120114778817e-01
1.229543974907913728e-01
1.224559014481451519e-01
1.247101498650915047e-01
1.211118219267171142e-01
1.251645947041011842e-01
1.215649568483765930e-01
1.243974298334102613e-01
1.230735186484508692e-01
1.229931521150233881e-01
1.243007242302660159e-01
1.218696097962399250e-01
1.245880229919550386e-01
1.217501624339942107e-01
1.240330119173043699e-01
1.225500552562122369e-01
1.230842454225282434e-01
1.235808470818634958e-01
1.222968797162241467e-01
1.241265674019361720e-01
1.220250832607864960e-01
1.239507446442447008e-01
1.223261596341213009e-01
1.234302810409879658e-01
1.230487494760522243e-01
1.229506305215213730e-01
1.236897725374633272e-01
1.226153499997875707e-01
1.239150139484217900e-01
1.225552517300353972e-01
1.237843168065035915e-01
1.228008014288953231e-01
1.234792443061671491e-01
1.231713813728393669e-01
1.231375989568661983e-01
1.234749881374548192e-01
1.228521790097923255e-01
1.235726572595996359e-01
1.226707175651996218e-01
1.235168740077487587e-01
1.226936609759277375e-01
1.234150901905148312e-01
1.228495668123282258e-01
1.232421202181317454e-01
1.229809649868599114e-01
1.230123401591574489e-01
1.230707955294066680e-01
1.228220203839642810e-01
1.231302257603832800e-01
1.226757286967304489e-01
1.231295178233032805e-01
1.225867598298675115e-01
1.230848069588856425e-01
1.225449715337617734e-01
1.229844000888534322e-01
1.225032545644753057e-01
1.228575902623391808e-01
1.224757033625027414e-01
1.227501716757785216e-01
1.224588471146610819e-01
1.226595171091959258e-01
1.224465615466557578e-01
1.225844283567544268e-01
1.224330901762502311e-01
1.225194213004372062e-01
1.223962018146953351e-01
1.224303822839325623e-01
1.223283345069573064e-01
1.223527686253251534e-01
1.222563564461523339e-01
1.222897217981788326e-01
1.221929590634594637e-01
1.222746035911681517e-01
1.221494161129357686e-01
1.222712698894477118e-01
1.220883741845298076e-01
1.222481898136549977e-01
1.220082265077969824e-01
1.222393500331718369e-01
1.219282691296558474e-01
1.222723389958254581e-01
1.218411257623948085e-01
1.223325190874538504e-01
1.217149163375234044e-01
1.224430639345375355e-01
1.215378627278339979e-01
1.226043329480597244e-01
1.212720610548762568e-01
1.228644118409280145e-01
1.208934098603986623e-01
1.232824996414465663e-01
1.202902607508129912e-01
1.239471020691237518e-01
1.193465306380007140e-01
1.250368280812771959e-01
1.178856371621121030e-01
1.268112529035226033e-01
1.155445494181915334e-01
1.296498536649079436e-01
1.118096788454820967e-01
1.338188569747678081e-01
1.063291773329939210e-01
1.395711194283296153e-01
1.001325594776866224e-01
1.449652193967274350e-01
9.580488865429472034e-02
