3.829478125000000000e+04
2.996365429687500000e+04
2.315459179687500000e+04
1.863430859375000000e+04
1.783024609375000000e+04
1.642875000000000000e+04
1.238505664062500000e+04
9.188385742187500000e+03
7.217996093750000000e+03
5.345634277343750000e+03
3.510009033203125000e+03
2.729313964843750000e+03
2.751289794921875000e+03
2.891223388671875000e+03
2.967456054687500000e+03
2.649315673828125000e+03
1.976651489257812500e+03
1.312769165039062500e+03
1.013347534179687500e+03
1.036402832031250000e+03
1.175578735351562500e+03
1.235641601562500000e+03
1.165004638671875000e+03
9.696514892578125000e+02
7.278914184570312500e+02
5.414555053710937500e+02
4.749060974121093750e+02
4.792096252441406250e+02
5.150309448242187500e+02
5.343931884765625000e+02
4.933051452636718750e+02
4.077409667968750000e+02
3.329640502929687500e+02
2.953298339843750000e+02
2.879097290039062500e+02
3.032987365722656250e+02
3.168035278320312500e+02
3.016713562011718750e+02
2.593178710937500000e+02
2.169750976562500000e+02
1.923521423339843750e+02
1.810694580078125000e+02
1.778877410888671875e+02
1.794889984130859375e+02
1.784574584960937500e+02
1.677055511474609375e+02
1.517637023925781250e+02
1.389667663574218750e+02
1.326182861328125000e+02
1.314485473632812500e+02
1.321830139160156250e+02
1.302764434814453125e+02
1.237757873535156250e+02
1.151493377685546875e+02
1.070207366943359375e+02
1.017511520385742188e+02
1.006169052124023438e+02
1.012907485961914062e+02
9.998661041259765625e+01
9.688927459716796875e+01
9.386907958984375000e+01
9.048062896728515625e+01
8.721076202392578125e+01
8.569686126708984375e+01
8.528253936767578125e+01
8.394770812988281250e+01
8.164424133300781250e+01
7.904785156250000000e+01
7.633113098144531250e+01
7.414463043212890625e+01
7.288383483886718750e+01
7.188443756103515625e+01
7.077002716064453125e+01
6.954105377197265625e+01
6.793221282958984375e+01
6.617243957519531250e+01
6.488069152832031250e+01
6.393341827392578125e+01
6.294514465332031250e+01
6.195127868652343750e+01
6.088784790039062500e+01
5.967485427856445312e+01
5.859571456909179688e+01
5.769631576538085938e+01
5.681961441040039062e+01
5.604825592041015625e+01
5.530247497558593750e+01
5.442972564697265625e+01
5.351919937133789062e+01
5.269074630737304688e+01
5.191997528076171875e+01
5.117560958862304688e+01
5.042420578002929688e+01
4.968957901000976562e+01
4.896717453002929688e+01
4.825709152221679688e+01
4.760791778564453125e+01
4.699888992309570312e+01
4.637302780151367188e+01
4.577563858032226562e+01
4.518617248535156250e+01
4.457732391357421875e+01
4.399335861206054688e+01
4.344833374023437500e+01
4.290042877197265625e+01
4.235371780395507812e+01
4.181663131713867188e+01
4.127484130859375000e+01
4.074775695800781250e+01
4.023526000976562500e+01
3.974118041992187500e+01
3.925334167480468750e+01
3.875994491577148438e+01
3.827923583984375000e+01
3.780916976928710938e+01
3.736016082763671875e+01
3.691997909545898438e+01
3.647075653076171875e+01
3.602753829956054688e+01
3.559957504272460938e+01
3.517534637451171875e+01
3.475996398925781250e+01
3.435153198242187500e+01
3.394343185424804688e+01
3.354083251953125000e+01
3.314451980590820312e+01
3.275194549560546875e+01
3.237477111816406250e+01
3.200577545166015625e+01
3.163566589355468750e+01
3.127140617370605469e+01
3.091784095764160156e+01
3.056731033325195312e+01
3.021976661682128906e+01
2.987907791137695312e+01
2.954300308227539062e+01
2.921266365051269531e+01
2.888592529296875000e+01
2.856368446350097656e+01
2.824644279479980469e+01
2.793220901489257812e+01
2.762070655822753906e+01
2.731422805786132812e+01
2.701124572753906250e+01
2.671450614929199219e+01
2.642088127136230469e+01
2.612957954406738281e+01
2.584432220458984375e+01
2.556587219238281250e+01
2.529054260253906250e+01
2.501970672607421875e+01
2.475111770629882812e+01
2.448474693298339844e+01
2.422184944152832031e+01
2.396081542968750000e+01
2.370347976684570312e+01
2.345059394836425781e+01
2.320015525817871094e+01
2.295522499084472656e+01
2.271623229980468750e+01
2.248020935058593750e+01
2.224002838134765625e+01
2.200227165222167969e+01
2.176744270324707031e+01
2.153647613525390625e+01
2.131011581420898438e+01
2.108657646179199219e+01
2.086253166198730469e+01
2.064229965209960938e+01
2.042724609375000000e+01
2.021685791015625000e+01
2.000948333740234375e+01
1.980270195007324219e+01
1.959909248352050781e+01
1.939810180664062500e+01
1.920109176635742188e+01
1.900766563415527344e+01
1.881636047363281250e+01
1.862709236145019531e+01
1.844096946716308594e+01
1.825572776794433594e+01
1.807260513305664062e+01
1.789211273193359375e+01
1.771269798278808594e+01
1.753584861755371094e+01
1.736063385009765625e+01
1.718704032897949219e+01
1.701471138000488281e+01
1.684660911560058594e+01
1.667979431152343750e+01
1.651467514038085938e+01
1.635153198242187500e+01
1.619084358215332031e+01
1.603219795227050781e+01
1.587547683715820312e+01
1.572014236450195312e+01
1.556692790985107422e+01
1.541537570953369141e+01
1.526489353179931641e+01
1.511624050140380859e+01
1.497002983093261719e+01
1.482440185546875000e+01
1.467659091949462891e+01
1.453092002868652344e+01
1.438826274871826172e+01
1.425105285644531250e+01
1.411634063720703125e+01
1.398587894439697266e+01
1.385264396667480469e+01
1.371494770050048828e+01
1.358119392395019531e+01
1.344854164123535156e+01
1.332142829895019531e+01
1.319529438018798828e+01
1.306952190399169922e+01
1.294453430175781250e+01
1.282096195220947266e+01
1.269986152648925781e+01
1.258178901672363281e+01
1.246556186676025391e+01
1.234975719451904297e+01
1.223651313781738281e+01
1.212505149841308594e+01
1.201464939117431641e+01
1.190638351440429688e+01
1.180012416839599609e+01
1.169410419464111328e+01
1.158903217315673828e+01
1.148615455627441406e+01
1.138164520263671875e+01
1.127762508392333984e+01
1.117710304260253906e+01
1.107891082763671875e+01
1.098526191711425781e+01
1.089184188842773438e+01
1.079837512969970703e+01
1.070686244964599609e+01
1.061756801605224609e+01
1.053007030487060547e+01
1.044392490386962891e+01
1.035910987854003906e+01
1.027484226226806641e+01
1.019094467163085938e+01
1.010812759399414062e+01
1.002710914611816406e+01
9.946899414062500000e+00
9.866443634033203125e+00
9.786914825439453125e+00
9.708847045898437500e+00
9.632333755493164062e+00
9.555979728698730469e+00
9.480381011962890625e+00
9.406271934509277344e+00
9.333094596862792969e+00
9.260310173034667969e+00
9.189334869384765625e+00
9.118901252746582031e+00
9.048610687255859375e+00
8.979033470153808594e+00
8.911138534545898438e+00
8.843267440795898438e+00
8.776506423950195312e+00
8.710381507873535156e+00
8.644768714904785156e+00
8.580609321594238281e+00
8.516627311706542969e+00
8.453651428222656250e+00
8.391688346862792969e+00
8.329401016235351562e+00
8.268136978149414062e+00
8.208776473999023438e+00
8.150000572204589844e+00
8.091255187988281250e+00
8.033584594726562500e+00
7.976890563964843750e+00
7.920908927917480469e+00
7.865313529968261719e+00
7.810555934906005859e+00
7.756536960601806641e+00
7.703252315521240234e+00
7.650144577026367188e+00
7.598268508911132812e+00
7.546460151672363281e+00
7.495303153991699219e+00
7.444962978363037109e+00
7.395567893981933594e+00
7.346139430999755859e+00
7.297123432159423828e+00
7.248351573944091797e+00
7.200024127960205078e+00
7.152424335479736328e+00
7.105153560638427734e+00
7.058308601379394531e+00
7.012055397033691406e+00
6.966379642486572266e+00
6.921170711517333984e+00
6.876611232757568359e+00
6.832262039184570312e+00
6.788532733917236328e+00
6.745089530944824219e+00
6.702131748199462891e+00
6.660015106201171875e+00
6.618144512176513672e+00
6.576668262481689453e+00
6.535782814025878906e+00
6.495309352874755859e+00
6.455249309539794922e+00
6.415624618530273438e+00
6.376332283020019531e+00
6.337892532348632812e+00
6.299403667449951172e+00
6.261318683624267578e+00
6.224102973937988281e+00
6.187312126159667969e+00
6.150470733642578125e+00
6.113726615905761719e+00
6.077656745910644531e+00
6.041825771331787109e+00
6.006241798400878906e+00
5.971302032470703125e+00
5.936716556549072266e+00
5.901520729064941406e+00
5.867199897766113281e+00
5.833562850952148438e+00
5.799452781677246094e+00
5.765877246856689453e+00
5.732666015625000000e+00
5.699726581573486328e+00
5.667225360870361328e+00
5.635227203369140625e+00
5.603290557861328125e+00
5.571141719818115234e+00
5.539302349090576172e+00
5.508272647857666016e+00
5.476873397827148438e+00
5.446016311645507812e+00
5.415924072265625000e+00
5.385971069335937500e+00
5.356324672698974609e+00
5.327267646789550781e+00
5.298392295837402344e+00
5.269692897796630859e+00
5.241950035095214844e+00
5.214574337005615234e+00
5.187597274780273438e+00
5.160974979400634766e+00
5.134314537048339844e+00
5.108225345611572266e+00
5.082423210144042969e+00
5.056688785552978516e+00
5.031169414520263672e+00
5.006079196929931641e+00
4.981105327606201172e+00
4.956505775451660156e+00
4.932008266448974609e+00
4.907804965972900391e+00
4.883834362030029297e+00
4.860345363616943359e+00
4.836874485015869141e+00
4.813706874847412109e+00
4.790860652923583984e+00
4.768126010894775391e+00
4.745663642883300781e+00
4.723580837249755859e+00
4.701754570007324219e+00
4.680072307586669922e+00
4.658640384674072266e+00
4.637408733367919922e+00
4.616127490997314453e+00
4.594979286193847656e+00
4.574070453643798828e+00
4.553120613098144531e+00
4.532504081726074219e+00
4.512012958526611328e+00
4.491788387298583984e+00
4.471984863281250000e+00
4.452119827270507812e+00
4.432260990142822266e+00
4.412685871124267578e+00
4.393542766571044922e+00
4.374307155609130859e+00
4.355047702789306641e+00
4.336139678955078125e+00
4.317451000213623047e+00
4.298805713653564453e+00
4.280376911163330078e+00
4.262258529663085938e+00
4.244301319122314453e+00
4.226441860198974609e+00
4.208916664123535156e+00
4.191422939300537109e+00
4.174048900604248047e+00
4.156826496124267578e+00
4.139803409576416016e+00
4.122745990753173828e+00
4.105802059173583984e+00
4.089203357696533203e+00
4.072598457336425781e+00
4.056040763854980469e+00
4.039783954620361328e+00
4.023705959320068359e+00
4.007731437683105469e+00
3.991746902465820312e+00
3.976051330566406250e+00
3.960572719573974609e+00
3.945173025131225586e+00
3.929891347885131836e+00
3.914683818817138672e+00
3.899486780166625977e+00
3.884409427642822266e+00
3.869471311569213867e+00
3.854541063308715820e+00
3.839784383773803711e+00
3.825009346008300781e+00
3.810588598251342773e+00
3.796200990676879883e+00
3.781696557998657227e+00
3.767482757568359375e+00
3.753302097320556641e+00
3.739240884780883789e+00
3.725127696990966797e+00
3.711127996444702148e+00
3.697521686553955078e+00
3.683812379837036133e+00
3.670199394226074219e+00
3.656786680221557617e+00
3.643567562103271484e+00
3.630259037017822266e+00
3.617121934890747070e+00
3.604208469390869141e+00
3.591335535049438477e+00
3.578521490097045898e+00
3.565938711166381836e+00
3.553312063217163086e+00
3.540840387344360352e+00
3.528503894805908203e+00
3.516138076782226562e+00
3.504103899002075195e+00
3.491979360580444336e+00
3.479858636856079102e+00
3.467996835708618164e+00
3.456130027770996094e+00
3.444280862808227539e+00
3.432589292526245117e+00
3.421038866043090820e+00
3.409431219100952148e+00
3.397993803024291992e+00
3.386681079864501953e+00
3.375432252883911133e+00
3.364165306091308594e+00
3.353064775466918945e+00
3.342007398605346680e+00
3.331129550933837891e+00
3.320300579071044922e+00
3.309358596801757812e+00
3.298502206802368164e+00
3.288001537322998047e+00
3.277330398559570312e+00
3.266743183135986328e+00
3.256291151046752930e+00
3.245860099792480469e+00
3.235530138015747070e+00
3.225311517715454102e+00
3.215148687362670898e+00
3.204936504364013672e+00
3.194900035858154297e+00
3.184941530227661133e+00
3.175121545791625977e+00
3.165203332901000977e+00
3.155279636383056641e+00
3.145464181900024414e+00
3.135696411132812500e+00
3.126023769378662109e+00
3.116308212280273438e+00
3.106612682342529297e+00
3.096975564956665039e+00
3.087484598159790039e+00
3.077903270721435547e+00
3.068462133407592773e+00
3.059103727340698242e+00
3.049772977828979492e+00
3.040552377700805664e+00
3.031352758407592773e+00
3.022108793258666992e+00
3.012917995452880859e+00
3.003775596618652344e+00
2.994731903076171875e+00
2.985733985900878906e+00
2.976791381835937500e+00
2.967877864837646484e+00
2.959035873413085938e+00
2.950291395187377930e+00
2.941484928131103516e+00
2.932794332504272461e+00
2.924112319946289062e+00
2.915502548217773438e+00
2.907000064849853516e+00
2.898623466491699219e+00
2.890218496322631836e+00
2.881761312484741211e+00
2.873317956924438477e+00
2.864790678024291992e+00
2.856384038925170898e+00
2.848183393478393555e+00
2.840626239776611328e+00
2.832879304885864258e+00
2.824202775955200195e+00
2.815826892852783203e+00
2.807886362075805664e+00
2.799665689468383789e+00
2.791303873062133789e+00
2.783229351043701172e+00
2.775186061859130859e+00
2.767191410064697266e+00
2.759335279464721680e+00
2.751787662506103516e+00
2.743995904922485352e+00
2.736674070358276367e+00
2.728683471679687500e+00
2.720614194869995117e+00
2.712915182113647461e+00
2.705157756805419922e+00
2.696891069412231445e+00
2.688686847686767578e+00
2.681008577346801758e+00
2.673933982849121094e+00
2.667163610458374023e+00
2.659756660461425781e+00
2.651336908340454102e+00
2.643971443176269531e+00
2.637403726577758789e+00
2.630190849304199219e+00
2.623094320297241211e+00
2.615738868713378906e+00
2.609544992446899414e+00
2.602452278137207031e+00
2.594784498214721680e+00
2.587522506713867188e+00
2.580884933471679688e+00
2.574854612350463867e+00
2.567205905914306641e+00
2.560723304748535156e+00
2.553898096084594727e+00
2.546710968017578125e+00
2.539826154708862305e+00
2.533239126205444336e+00
2.526514768600463867e+00
2.519984722137451172e+00
2.513738393783569336e+00
2.509025096893310547e+00
2.502196788787841797e+00
2.494235515594482422e+00
2.487736225128173828e+00
2.482481002807617188e+00
2.477574348449707031e+00
2.471271514892578125e+00
2.464848995208740234e+00
2.458412647247314453e+00
2.453285217285156250e+00
2.449604272842407227e+00
2.445784091949462891e+00
2.444055318832397461e+00
2.444257259368896484e+00
2.449968814849853516e+00
2.458877563476562500e+00
2.476266622543334961e+00
2.496174812316894531e+00
2.533487558364868164e+00
2.563842535018920898e+00
2.608791589736938477e+00
2.600570917129516602e+00
2.576181411743164062e+00
2.494703292846679688e+00
2.416528940200805664e+00
2.364402294158935547e+00
2.357790946960449219e+00
2.382100105285644531e+00
2.409393548965454102e+00
2.423691272735595703e+00
2.404778718948364258e+00
2.370041370391845703e+00
2.336744546890258789e+00
2.319790363311767578e+00
2.318686962127685547e+00
2.327683687210083008e+00
2.338420867919921875e+00
2.344137668609619141e+00
2.343874931335449219e+00
2.325501441955566406e+00
2.302353858947753906e+00
2.281775236129760742e+00
2.270315408706665039e+00
2.269230842590332031e+00
2.274746656417846680e+00
2.280071735382080078e+00
2.279631614685058594e+00
2.278571128845214844e+00
2.273186445236206055e+00
2.270210742950439453e+00
2.258156299591064453e+00
2.246641397476196289e+00
2.233199596405029297e+00
2.221427917480468750e+00
2.212301969528198242e+00
2.206961393356323242e+00
2.204607009887695312e+00
2.203449249267578125e+00
2.199640750885009766e+00
2.197799205780029297e+00
2.195093154907226562e+00
2.190293312072753906e+00
2.186388492584228516e+00
2.183182001113891602e+00
2.179408073425292969e+00
2.175805807113647461e+00
2.174728155136108398e+00
2.171694517135620117e+00
2.168540954589843750e+00
2.165391445159912109e+00
2.167628765106201172e+00
2.169352769851684570e+00
2.178359985351562500e+00
2.185339927673339844e+00
2.196288347244262695e+00
2.200881958007812500e+00
2.214093923568725586e+00
2.223086357116699219e+00
2.237395524978637695e+00
2.237674951553344727e+00
2.230273008346557617e+00
2.216153860092163086e+00
2.200487136840820312e+00
2.174114704132080078e+00
2.149074792861938477e+00
2.121918678283691406e+00
2.097436428070068359e+00
2.078060388565063477e+00
2.064874649047851562e+00
2.056362867355346680e+00
2.052063226699829102e+00
2.050922870635986328e+00
2.053196430206298828e+00
2.056976079940795898e+00
2.063872814178466797e+00
2.076108217239379883e+00
2.094200611114501953e+00
2.127268075942993164e+00
2.172952413558959961e+00
2.264530897140502930e+00
2.372105836868286133e+00
2.577775239944458008e+00
2.779626131057739258e+00
3.050105094909667969e+00
3.086509704589843750e+00
2.889529228210449219e+00
2.494007825851440430e+00
2.141549825668334961e+00
2.001903295516967773e+00
2.094923019409179688e+00
2.278248071670532227e+00
2.395608425140380859e+00
2.399871826171875000e+00
2.256244897842407227e+00
2.084942102432250977e+00
1.980300426483154297e+00
1.994134306907653809e+00
2.085502862930297852e+00
2.166403532028198242e+00
2.207942724227905273e+00
2.148388624191284180e+00
2.047729492187500000e+00
1.961376190185546875e+00
1.937199711799621582e+00
1.967418909072875977e+00
2.014652490615844727e+00
2.047050952911376953e+00
2.037871360778808594e+00
2.004694938659667969e+00
1.956816673278808594e+00
1.920064806938171387e+00
1.907680630683898926e+00
1.918301343917846680e+00
1.940725803375244141e+00
1.958615303039550781e+00
1.963403224945068359e+00
1.948399424552917480e+00
1.922653198242187500e+00
1.895186305046081543e+00
1.878986001014709473e+00
1.875075817108154297e+00
1.879333496093750000e+00
1.886303424835205078e+00
1.892119526863098145e+00
1.895334482192993164e+00
1.892799973487854004e+00
1.886768460273742676e+00
1.876579761505126953e+00
1.864772200584411621e+00
1.852666497230529785e+00
1.843384742736816406e+00
1.837749600410461426e+00
1.835441112518310547e+00
1.834741592407226562e+00
1.834638118743896484e+00
1.834533572196960449e+00
1.833897829055786133e+00
1.833118677139282227e+00
1.831901550292968750e+00
1.830224514007568359e+00
1.828134775161743164e+00
1.825369834899902344e+00
1.822262525558471680e+00
1.818921804428100586e+00
1.815468072891235352e+00
1.812442302703857422e+00
1.809843182563781738e+00
1.807962536811828613e+00
1.806496977806091309e+00
1.805746793746948242e+00
1.805851936340332031e+00
1.807443380355834961e+00
1.811011433601379395e+00
1.818486213684082031e+00
1.829392194747924805e+00
1.847219824790954590e+00
1.870009899139404297e+00
1.905152082443237305e+00
1.947576880455017090e+00
2.012531518936157227e+00
2.084197759628295898e+00
2.199286460876464844e+00
2.306920528411865234e+00
2.446254253387451172e+00
2.544242143630981445e+00
2.613294124603271484e+00
2.614573001861572266e+00
2.566884040832519531e+00
2.460396528244018555e+00
2.306451082229614258e+00
2.134560585021972656e+00
1.971990227699279785e+00
1.844693779945373535e+00
1.763134598731994629e+00
1.731333374977111816e+00
1.742654323577880859e+00
1.785181522369384766e+00
1.843163490295410156e+00
1.904694795608520508e+00
1.954790115356445312e+00
1.987735271453857422e+00
2.001296997070312500e+00
1.999173402786254883e+00
1.982608914375305176e+00
1.954261779785156250e+00
1.917966723442077637e+00
1.878645420074462891e+00
1.838622450828552246e+00
1.804705500602722168e+00
1.772374391555786133e+00
1.744705677032470703e+00
1.721309900283813477e+00
1.702908873558044434e+00
1.688800811767578125e+00
1.678541541099548340e+00
1.671119689941406250e+00
1.665932059288024902e+00
1.662222743034362793e+00
1.659183979034423828e+00
1.656374812126159668e+00
1.653738856315612793e+00
1.651063203811645508e+00
1.648420214653015137e+00
1.646097064018249512e+00
1.644091010093688965e+00
1.642663002014160156e+00
1.641999244689941406e+00
1.642631411552429199e+00
1.645329713821411133e+00
1.651653409004211426e+00
1.664582490921020508e+00
1.688905596733093262e+00
1.732237696647644043e+00
1.809753060340881348e+00
1.942394137382507324e+00
2.173714637756347656e+00
2.577390432357788086e+00
3.334361314773559570e+00
4.641446590423583984e+00
6.821128368377685547e+00
9.945754051208496094e+00
1.357450675964355469e+01
1.734045600891113281e+01
1.867048454284667969e+01
2.010997009277343750e+01
1.674778747558593750e+01
1.184675598144531250e+01
4.870691776275634766e+00
1.928387045860290527e+00
4.562384605407714844e+00
8.354800224304199219e+00
8.491478919982910156e+00
5.037916660308837891e+00
2.563007593154907227e+00
2.824213504791259766e+00
4.249213218688964844e+00
4.987577438354492188e+00
4.468015193939208984e+00
3.541781187057495117e+00
2.611179828643798828e+00
2.172488689422607422e+00
2.661742448806762695e+00
3.501302480697631836e+00
3.653905630111694336e+00
2.757942914962768555e+00
1.803550601005554199e+00
1.736384868621826172e+00
2.350689888000488281e+00
2.726841926574707031e+00
2.502495765686035156e+00
2.066868066787719727e+00
1.817312121391296387e+00
1.805113673210144043e+00
1.883081555366516113e+00
2.002320528030395508e+00
2.094205141067504883e+00
2.011354446411132812e+00
1.777086615562438965e+00
1.586869835853576660e+00
1.616046547889709473e+00
1.783837914466857910e+00
1.865413665771484375e+00
1.803515434265136719e+00
1.678424477577209473e+00
1.607465744018554688e+00
1.593765497207641602e+00
1.605716824531555176e+00
1.636749982833862305e+00
1.672384738922119141e+00
1.680004715919494629e+00
1.631459593772888184e+00
1.560104608535766602e+00
1.523181557655334473e+00
1.539579749107360840e+00
1.574899911880493164e+00
1.590295791625976562e+00
1.578578233718872070e+00
1.556610226631164551e+00
1.536327123641967773e+00
1.519596695899963379e+00
1.508057832717895508e+00
1.507933378219604492e+00
1.518363118171691895e+00
1.529546618461608887e+00
1.528908491134643555e+00
1.516440629959106445e+00
1.499751448631286621e+00
1.488373517990112305e+00
1.484472036361694336e+00
1.484548568725585938e+00
1.485360741615295410e+00
1.486474871635437012e+00
1.487761974334716797e+00
1.487620711326599121e+00
1.484268784523010254e+00
1.477563261985778809e+00
1.469920039176940918e+00
1.463996887207031250e+00
1.460769057273864746e+00
1.459173083305358887e+00
1.458004474639892578e+00
1.456844806671142578e+00
1.455803155899047852e+00
1.455094456672668457e+00
1.454127311706542969e+00
1.452367544174194336e+00
1.449531912803649902e+00
1.446259975433349609e+00
1.443101644515991211e+00
1.440376639366149902e+00
1.437905550003051758e+00
1.435491919517517090e+00
1.433088541030883789e+00
1.430782914161682129e+00
1.428758382797241211e+00
1.427015423774719238e+00
1.425335526466369629e+00
1.423599839210510254e+00
1.421727061271667480e+00
1.419917583465576172e+00
1.418199777603149414e+00
1.416587829589843750e+00
1.415107250213623047e+00
1.413745999336242676e+00
1.412445425987243652e+00
1.411192059516906738e+00
1.410269021987915039e+00
1.409719705581665039e+00
1.409717559814453125e+00
1.410401344299316406e+00
1.412226080894470215e+00
1.415209054946899414e+00
1.420645833015441895e+00
1.428707242012023926e+00
1.441059947013854980e+00
1.458957791328430176e+00
1.488046407699584961e+00
1.529779553413391113e+00
1.596702456474304199e+00
1.692755103111267090e+00
1.855372786521911621e+00
2.093469619750976562e+00
2.495572090148925781e+00
3.093121528625488281e+00
4.138705253601074219e+00
5.672449111938476562e+00
8.369134902954101562e+00
1.191358566284179688e+01
1.778870582580566406e+01
2.333952522277832031e+01
3.132085990905761719e+01
3.185428428649902344e+01
2.970470046997070312e+01
1.713136672973632812e+01
6.159110546112060547e+00
1.902767777442932129e+00
5.833540916442871094e+00
1.222947502136230469e+01
1.338464164733886719e+01
9.527891159057617188e+00
3.791145086288452148e+00
1.986741185188293457e+00
4.532357692718505859e+00
7.576282024383544922e+00
8.166753768920898438e+00
5.350669860839843750e+00
2.347681999206542969e+00
1.703793525695800781e+00
3.387923955917358398e+00
5.140969276428222656e+00
4.920631885528564453e+00
3.307020664215087891e+00
1.820611238479614258e+00
1.729732394218444824e+00
2.641828536987304688e+00
3.324388027191162109e+00
3.166988611221313477e+00
2.291621923446655273e+00
1.597065329551696777e+00
1.615740656852722168e+00
2.142001867294311523e+00
2.528005361557006836e+00
2.322518348693847656e+00
1.794435739517211914e+00
1.427231311798095703e+00
1.509711503982543945e+00
1.833397269248962402e+00
1.997770905494689941e+00
1.885809779167175293e+00
1.617457985877990723e+00
1.430067062377929688e+00
1.419515490531921387e+00
1.523958683013916016e+00
1.628905892372131348e+00
1.647062778472900391e+00
1.573541402816772461e+00
1.453620314598083496e+00
1.367008805274963379e+00
1.360600948333740234e+00
1.420820236206054688e+00
1.484997153282165527e+00
1.491811156272888184e+00
1.438588976860046387e+00
1.367046594619750977e+00
1.326833486557006836e+00
1.331838250160217285e+00
1.361307024955749512e+00
1.385014772415161133e+00
1.387420535087585449e+00
1.372307300567626953e+00
1.348279476165771484e+00
1.325380921363830566e+00
1.310289978981018066e+00
1.306809663772583008e+00
1.314319372177124023e+00
1.326426744461059570e+00
1.333758711814880371e+00
1.330432653427124023e+00
1.317818760871887207e+00
1.302266001701354980e+00
1.290694952011108398e+00
1.285833239555358887e+00
1.286208868026733398e+00
1.288888692855834961e+00
1.291138648986816406e+00
1.292261004447937012e+00
1.291165709495544434e+00
1.287705540657043457e+00
1.282199621200561523e+00
1.276006340980529785e+00
1.270565152168273926e+00
1.267182826995849609e+00
1.266015291213989258e+00
1.266200423240661621e+00
1.266649246215820312e+00
1.266552925109863281e+00
1.265735507011413574e+00
1.264283180236816406e+00
1.262457489967346191e+00
1.260267376899719238e+00
1.257769703865051270e+00
1.254891276359558105e+00
1.251979112625122070e+00
1.249414086341857910e+00
1.247333168983459473e+00
1.245733499526977539e+00
1.244427442550659180e+00
1.243231415748596191e+00
1.242037415504455566e+00
1.240931153297424316e+00
1.239926338195800781e+00
1.239037036895751953e+00
1.238175272941589355e+00
1.237302899360656738e+00
1.236375689506530762e+00
1.235470771789550781e+00
1.234618663787841797e+00
1.233943223953247070e+00
1.233508706092834473e+00
1.233446359634399414e+00
1.233604311943054199e+00
1.234335422515869141e+00
1.235635519027709961e+00
1.237944126129150391e+00
1.241640448570251465e+00
1.247463345527648926e+00
1.256369829177856445e+00
1.270511984825134277e+00
1.291433095932006836e+00
1.324723243713378906e+00
1.373183965682983398e+00
1.450375199317932129e+00
1.563314080238342285e+00
1.739281654357910156e+00
1.996065258979797363e+00
2.416925907135009766e+00
3.035202980041503906e+00
4.016017913818359375e+00
5.388898849487304688e+00
7.644324302673339844e+00
1.054989814758300781e+01
1.543880653381347656e+01
2.033535194396972656e+01
2.764611053466796875e+01
3.042555618286132812e+01
3.209929656982421875e+01
2.402106285095214844e+01
1.437623023986816406e+01
4.641371726989746094e+00
1.557140231132507324e+00
5.104703426361083984e+00
1.040921592712402344e+01
1.302603912353515625e+01
9.699412345886230469e+00
4.732574939727783203e+00
1.581534147262573242e+00
2.410822391510009766e+00
5.444940567016601562e+00
7.083649158477783203e+00
6.262723445892333984e+00
3.430053472518920898e+00
1.496695399284362793e+00
1.699366092681884766e+00
3.251775026321411133e+00
4.457607746124267578e+00
4.004836082458496094e+00
2.647978544235229492e+00
1.465691208839416504e+00
1.386419057846069336e+00
2.165945529937744141e+00
2.850565671920776367e+00
2.850623846054077148e+00
2.137279748916625977e+00
1.445717692375183105e+00
1.270288825035095215e+00
1.599407196044921875e+00
2.009023666381835938e+00
2.076519250869750977e+00
1.809288263320922852e+00
1.422675132751464844e+00
1.234796285629272461e+00
1.326711893081665039e+00
1.545048475265502930e+00
1.681143641471862793e+00
1.615659832954406738e+00
1.423336505889892578e+00
1.250848054885864258e+00
1.209582924842834473e+00
1.291158556938171387e+00
1.400203108787536621e+00
1.444840073585510254e+00
1.391531705856323242e+00
1.291943073272705078e+00
1.212944746017456055e+00
1.195787549018859863e+00
1.231520771980285645e+00
1.280286312103271484e+00
1.304610252380371094e+00
1.288232445716857910e+00
1.246153116226196289e+00
1.203011155128479004e+00
1.180812120437622070e+00
1.184474110603332520e+00
1.204498767852783203e+00
1.224595904350280762e+00
1.231110334396362305e+00
1.221155285835266113e+00
1.200411558151245117e+00
1.179900407791137695e+00
1.167887687683105469e+00
1.166624069213867188e+00
1.172880649566650391e+00
1.180865645408630371e+00
1.186140775680541992e+00
1.185510277748107910e+00
1.179699301719665527e+00
1.170913815498352051e+00
1.162233114242553711e+00
1.156007647514343262e+00
1.153299093246459961e+00
1.153693079948425293e+00
1.155992031097412109e+00
1.158309817314147949e+00
1.159368872642517090e+00
1.158605694770812988e+00
1.156008958816528320e+00
1.152298927307128906e+00
1.148257970809936523e+00
1.144661068916320801e+00
1.141904473304748535e+00
1.140088558197021484e+00
1.139187097549438477e+00
1.139002442359924316e+00
1.139240622520446777e+00
1.139451861381530762e+00
1.139460086822509766e+00
1.139004707336425781e+00
1.138051152229309082e+00
1.136723756790161133e+00
1.135183691978454590e+00
1.133501648902893066e+00
1.131808996200561523e+00
1.130046963691711426e+00
1.128380298614501953e+00
1.126788496971130371e+00
1.125258445739746094e+00
1.123839616775512695e+00
1.122633457183837891e+00
1.121463775634765625e+00
1.120402336120605469e+00
1.119330883026123047e+00
1.118255257606506348e+00
1.117232918739318848e+00
1.116214156150817871e+00
1.115249395370483398e+00
1.114383697509765625e+00
1.113602280616760254e+00
1.112875342369079590e+00
1.112281680107116699e+00
1.111849546432495117e+00
1.111688733100891113e+00
1.112125992774963379e+00
1.113148689270019531e+00
1.115057349205017090e+00
1.118068933486938477e+00
1.122823834419250488e+00
1.130248069763183594e+00
1.142454504966735840e+00
1.161066651344299316e+00
1.190768241882324219e+00
1.235822200775146484e+00
1.308652520179748535e+00
1.418909072875976562e+00
1.593359827995300293e+00
1.859071254730224609e+00
2.302977561950683594e+00
2.972271442413330078e+00
4.125137329101562500e+00
5.781867504119873047e+00
8.725789070129394531e+00
1.267767810821533203e+01
1.994450569152832031e+01
2.737112045288085938e+01
3.984540557861328125e+01
4.583298110961914062e+01
5.322712707519531250e+01
4.229185867309570312e+01
2.827169418334960938e+01
9.762033462524414062e+00
1.683302998542785645e+00
6.267422199249267578e+00
1.567107200622558594e+01
2.078960037231445312e+01
1.436658763885498047e+01
5.538414478302001953e+00
1.481886982917785645e+00
4.697423934936523438e+00
1.003131961822509766e+01
1.057547569274902344e+01
7.031788349151611328e+00
2.574549198150634766e+00
1.812041521072387695e+00
4.268594264984130859e+00
6.242219924926757812e+00
5.784521579742431641e+00
3.044154882431030273e+00
1.298672914505004883e+00
2.003186464309692383e+00
3.704881668090820312e+00
4.246830940246582031e+00
2.805572271347045898e+00
1.369423508644104004e+00
1.361420035362243652e+00
2.343796491622924805e+00
2.918715238571166992e+00
2.365472316741943359e+00
1.531632900238037109e+00
1.222868800163269043e+00
1.547430753707885742e+00
1.976924777030944824e+00
1.988935708999633789e+00
1.626149773597717285e+00
1.230600833892822266e+00
1.175947189331054688e+00
1.435820102691650391e+00
1.645841479301452637e+00
1.559410452842712402e+00
1.268575906753540039e+00
1.096544265747070312e+00
1.174900174140930176e+00
1.344662904739379883e+00
1.394018054008483887e+00
1.285813570022583008e+00
1.147221326828002930e+00
1.096595048904418945e+00
1.145919561386108398e+00
1.218555212020874023e+00
1.236131548881530762e+00
1.185567975044250488e+00
1.111507296562194824e+00
1.076370835304260254e+00
1.098929643630981445e+00
1.144330382347106934e+00
1.164568662643432617e+00
1.137747287750244141e+00
1.091646313667297363e+00
1.064198255538940430e+00
1.071600794792175293e+00
1.095640301704406738e+00
1.108932137489318848e+00
1.100932478904724121e+00
1.079827785491943359e+00
1.062134861946105957e+00
1.057314872741699219e+00
1.063742041587829590e+00
1.073027372360229492e+00
1.076424837112426758e+00
1.070561647415161133e+00
1.059125065803527832e+00
1.049603343009948730e+00
1.047262072563171387e+00
1.051188468933105469e+00
1.056037664413452148e+00
1.057002663612365723e+00
1.053393840789794922e+00
1.047531485557556152e+00
1.042849898338317871e+00
1.040540933609008789e+00
1.040490984916687012e+00
1.041737079620361328e+00
1.042889475822448730e+00
1.042719602584838867e+00
1.040589809417724609e+00
1.037353634834289551e+00
1.034222960472106934e+00
1.032370090484619141e+00
1.031905770301818848e+00
1.032186388969421387e+00
1.032308459281921387e+00
1.031831741333007812e+00
1.030662178993225098e+00
1.029069662094116211e+00
1.027405738830566406e+00
1.025909543037414551e+00
1.024708867073059082e+00
1.023892045021057129e+00
1.023388743400573730e+00
1.022985935211181641e+00
1.022504568099975586e+00
1.021782159805297852e+00
1.020827293395996094e+00
1.019757628440856934e+00
1.018660187721252441e+00
1.017626404762268066e+00
1.016719102859497070e+00
1.015902161598205566e+00
1.015174865722656250e+00
1.014485239982604980e+00
1.013836026191711426e+00
1.013185739517211914e+00
1.012510418891906738e+00
1.011740565299987793e+00
1.010954260826110840e+00
1.010134339332580566e+00
1.009328842163085938e+00
1.008519649505615234e+00
1.007751107215881348e+00
1.006972312927246094e+00
1.006227016448974609e+00
1.005496978759765625e+00
1.004797577857971191e+00
1.004107117652893066e+00
1.003425359725952148e+00
1.002756476402282715e+00
1.002075195312500000e+00
1.001384258270263672e+00
1.000728368759155273e+00
1.000052809715270996e+00
9.993767738342285156e-01
9.987268447875976562e-01
9.980701208114624023e-01
9.974374175071716309e-01
9.968022108078002930e-01
9.961897134780883789e-01
9.956016540527343750e-01
9.950291514396667480e-01
9.944788217544555664e-01
9.939326047897338867e-01
9.934331178665161133e-01
9.930071234703063965e-01
9.926578998565673828e-01
9.924181103706359863e-01
9.922847151756286621e-01
9.924180507659912109e-01
9.927833080291748047e-01
9.934692978858947754e-01
9.946331381797790527e-01
9.964653253555297852e-01
9.992182254791259766e-01
1.003743529319763184e+00
1.010329365730285645e+00
1.020534157752990723e+00
1.035312533378601074e+00
1.057518839836120605e+00
1.090104818344116211e+00
1.141981840133666992e+00
1.217245578765869141e+00
1.335492014884948730e+00
1.506638884544372559e+00
1.790033221244812012e+00
2.198436975479125977e+00
2.896428346633911133e+00
3.880073070526123047e+00
5.570210456848144531e+00
7.733512401580810547e+00
1.157906627655029297e+01
1.612660789489746094e+01
2.432883071899414062e+01
3.111141204833984375e+01
4.292272567749023438e+01
4.511200714111328125e+01
4.819829940795898438e+01
